Required input information for the time-to-event data stored in the following files:

>> data/Sample_data_spencer_paper.xlsx
> Time Points: 
24,25,26,27,28,29,30,31,32,33,34,35,36,37,38,39,40,41,42,43,44,45,46,47,48,49,50,51,52,53,54,55,56,57,58,59,60,61,62,63,64,65,66,67,68,69,70,71,72,73,74,75,76,77,78,79,80,81,82,83,84,85,86,87,88,89,90,91,92,93,94,95,96
> Unit: h

>> data/examples/TEdata_for_NonparametricModel.xlsx
> Time Points: 0,2,4,6,8,10,12,14,16,18,20,22,24,26,28,30,32
> Unit: Day

>> data/paper/Figure3B_TEdata.xlsx
> Time Points: 
24,25,26,27,28,29,30,31,32,33,34,35,36,37,38,39,40,41,42,43,44,45,46,47,48,49,50,51,52,53,54,55,56,57,58,59,60,61,62,63,64,65,66,67,68,69,70,71,72,73,74,75,76,77,78,79,80,81,82,83,84,85,86,87,88,89,90,91,92,93,94,95,96
> Unit: h